There are 697954 letters in the file.
	: 2426      P: 2426/697954          cod: 111

: 24936     P: 24936/697954          cod: 011
 : 136015    P: 136015/697954          cod: 1011
a: 95582     P: 95582/697954          cod: 000001
b: 7703      P: 7703/697954          cod: 10001
c: 36104     P: 36104/697954          cod: 00101
d: 24053     P: 24053/697954          cod: 10011
e: 80329     P: 80329/697954          cod: 10101
f: 7678      P: 7678/697954          cod: 01001
g: 7963      P: 7963/697954          cod: 100100
h: 3455      P: 3455/697954          cod: 100001
i: 83844     P: 83844/697954          cod: 0000001
j: 1081      P: 1081/697954          cod: 100000
k: 189       P: 189/697954          cod: 0000100
l: 31352     P: 31352/697954          cod: 001001
m: 24113     P: 24113/697954          cod: 000100
n: 47889     P: 47889/697954          cod: 00011
o: 28414     P: 28414/697954          cod: 001000
p: 22607     P: 22607/697954          cod: 100101
q: 28        P: 28/697954          cod: 1100
r: 50229     P: 50229/697954          cod: 10100
s: 38483     P: 38483/697954          cod: 000101
t: 45612     P: 45612/697954          cod: 0000000
u: 44536     P: 44536/697954          cod: 0011
v: 9730      P: 9730/697954          cod: 0101
w: 305       P: 305/697954          cod: 0000101
x: 311       P: 311/697954          cod: 000011
y: 410       P: 410/697954          cod: 1101
z: 5954      P: 5954/697954          cod: 01000
Mean code length: 6.55412 (binary digits)
Entropy of input text:  4.5979 bits
Code efficiency: 0.701528 %
Redundancy: 0.298472 %
4.5979 < 6.55412 < 5.5979 (Shannon's source coding theorem)
Compression Rate: 0.401165 % (data rate saving)